83
8532
8533
8534
8537
8538
8539
8540
8541
8542
8543
8544
8545
8546
8710
8712
8713
8714
8715
8716
8717
8718
8719
8720
8721
14466
14587
14588
14589
14595
14596
14597
14598
14599
14600
14601
15043
15044
15045
15046
15047
15049
15050
15051
17372
23242
23243
23283
29483
29586
29587
29588
29589
29590
29591
29592
29644
29645
32030
32031
32034
32035
32074
32121
32122
32123
32124
32125
32126
32127
32128
32129
32130
32131
32132
32133
32134
34832
34833
34910
34911
34913
34914
37861
37865
37982
37983
37984
37985
37986
37987
37988
38020
38021
38022
38023
41223
41224
41225
41226
41227
43937
43938
43939
43940
44198
44199
46890
46891
46892
46893
46894
46895
46896
50090
50091
50092
50093
50094
50135
50136
50137
50138
50139
55534
55697
55698
55699
55700
61727
70157
70158
70159
70160
70161
73154
73156
73157
78649
78650
78651
78930
78931
78993
78994
78995
78996
81578
81579
81580
81581
81582
81583
81653
81654
81655
81656
81657
81658
81659
81877
81878
81879
82103
82107
84565
84566
84567
84682
84683
84684
84685
84686
84705
84706
84707
84708
84709
84710
84711
84712
84713
84714
87480
96665
96666
96667
99265
99266
99267
99268
99269
99270
99271
99272
99273
99274
99275
102293
102294
102295
102296
105049
105050
105051
105052
105126
105127
105128
105150
105153
105154
105155
105156
108006
108007
108008
108009
108010
