12438
12441
12444
12447
12450
12453
12456
12459
12462
12465
12468
21366
21369
21387
21390
21393
21396
21471
21474
21477
21480
21483
21486
21489
21492
21537
21540
31869
39495
39498
39501
39504
47622
47625
47628
47631
47634
47637
47649
47652
47655
47658
48294
48297
56481
56484
56487
56490
56493
56496
57297
58041
58044
58050
58053
65220
65223
65226
65229
65241
65244
65259
65262
65922
65925
65988
65997
66000
66003
66006
92853
100089
100092
100095
100098
100101
100104
100107
101046
101049
118011
118014
118017
118020
118542
118605
118608
118611
118614
118659
118662
126537
126540
126543
126546
126549
126552
126555
126558
126561
126564
126567
126573
126576
126582
127194
127206
127209
127212
127215
135678
135681
135684
136902
136905
136908
144702
144705
144708
144711
144714
153825
153828
153831
153834
153837
161796
163236
163239
163242
163245
163254
163257
163260
163263
170184
170889
170892
170895
179688
179694
179697
188067
188070
188073
188100
188106
188109
188112
188115
188118
188199
188202
188205
188208
188211
188214
188217
188220
214257
232902
232905
233727
240723
240726
240729
240732
240735
240738
240741
241689
249246
249249
249252
249504
249510
249513
257952
257961
257964
257967
258000
258003
258006
258009
258012
258015
267081
267084
268542
268545
268554
268563
275502
275505
276030
276033
276678
276681
301680
301683
301686
301692
301698
301701
310467
310470
310473
311121
311124
311343
312612
312615
312618
312621
312624
312627
312630
319542
319545
319548
319569
319572
321114
321117
321120
321123
321126
329739
329742
329757
337161
337164
337167
337170
337173
337269
337272
337275
337278
337281
337284
337287
