2083
2115
2323
2324
2325
2326
2328
8371
8486
10754
10755
10756
10871
10872
10978
10979
10980
11045
11354
11355
11356
11379
11380
11381
11382
11383
13817
13821
13822
13823
13832
13833
13834
13840
13841
14084
14085
14086
14098
14099
14100
16597
17147
17252
17253
17254
17255
17256
17257
17265
17266
17267
19560
19561
19562
19563
19564
19565
19566
19567
19568
19569
19662
19663
19666
19667
19668
19669
19710
19711
19712
19713
19714
19715
19716
19717
19718
19719
19720
19721
19722
19723
19737
19738
19739
19740
19741
19742
19743
19744
19745
19746
19747
19748
19749
19750
19751
19752
20026
23014
23015
23016
23017
23018
23019
23020
25574
25575
31429
31430
31431
31432
31433
31434
31865
31866
31867
31868
31869
31870
31871
31872
31873
31874
31875
34215
34216
34217
34218
34518
34519
34520
34521
34522
34523
34524
34812
34813
37186
37595
37596
37597
37598
37678
39952
39953
39954
39955
39956
39957
39958
39959
40040
40041
40042
40043
40044
40045
40046
40047
40048
40049
40050
40051
40333
40457
40522
40523
40524
40525
40526
40527
40528
40529
40530
40531
40532
40533
40534
40535
40536
40537
43157
43158
43159
43160
43161
43162
43371
43372
43373
43374
43375
43376
43377
43378
43379
43380
43381
43382
43383
43384
45874
46038
46052
46053
46274
46314
46315
48913
48914
48915
48916
48917
48918
48919
48921
48922
49242
49243
49244
49245
49246
49247
51962
51963
51964
51965
51966
51967
54826
54827
54828
54829
54830
54831
54834
54835
55105
55106
55107
55108
55109
55110
60551
60552
60553
60568
60569
60570
60571
60572
63362
63363
63634
63635
63636
63653
63654
63655
63656
63657
63658
63659
63737
63810
63811
66382
66383
66384
66385
66386
66387
66388
66389
66390
66391
66392
66499
66500
66794
66795
66796
66797
66799
69154
69155
69162
69163
69675
69778
69779
69780
69781
69782
69783
72578
72579
72580
72581
72757
72758
75706
75707
75709
75710
75711
75712
78057
78058
78059
78060
78061
78062
78092
78093
78094
78095
78096
78097
78098
78099
78100
78101
78102
78103
78104
78105
78106
78287
78288
78289
78290
78291
78292
78643
78644
78645
78646
80886
80887
80888
80889
80890
80891
80892
80893
80894
80895
81217
81218
81219
81220
81221
81224
81225
81226
81257
83859
83860
83862
83866
83867
83868
83869
83870
83871
83874
83875
83876
83877
83878
83879
86990
86991
86992
86993
86994
86995
86996
87160
87161
87162
87163
87164
87165
87166
87167
87168
87169
87170
87171
90050
90051
90052
90053
90054
93119
93120
93121
93122
93123
93124
93125
93126
93127
93128
93129
93130
98856
98857
98858
98859
98860
98861
98862
98863
98864
98865
98992
98993
98994
98995
98996
98997
98998
98999
101304
101306
101307
101636
101637
101639
101640
101641
101642
101643
101644
101966
101967
101968
101969
101970
101971
104676
104704
104745
104746
104747
104843
104844
104845
104846
107866
107867
