3630
3631
3632
3633
3634
3671
3672
3673
3674
3675
3676
3677
3678
3679
6698
6699
6700
9736
9737
9738
9739
9742
9743
9744
9901
12705
12706
12707
12833
12834
12858
15311
15312
15313
15314
18154
27000
29813
29814
33091
33092
33093
33094
33095
35953
35954
44358
44359
44931
44932
44936
47710
47711
47712
47881
47882
47883
47932
47933
50153
50154
50155
50156
50157
50159
50160
50161
50162
50435
50787
56267
59547
59548
59549
59593
59603
59618
59620
59621
62139
62494
65067
65262
65339
65348
68235
68251
70643
71312
71334
71335
71336
71338
79539
85682
88627
88628
88629
88631
88632
88633
88634
88635
88636
88637
88638
88639
88641
91334
91386
91387
91388
91505
91506
91507
91508
91511
91515
91516
91520
91770
91771
94042
94043
94044
94045
94354
94483
97296
97297
97298
97299
97634
97635
97636
97637
97638
97639
100179
100180
100379
100426
102766
102767
102768
102769
103425
103426
103427
103428
105745
105746
105747
105748
105914
105915
105919
105920
108597
108642
108643
109065
109066
109069
109075
109076
109077
109079
109081
109082
109083
109218
