9009
34356
34359
34362
34371
34374
34377
34380
34383
34386
34389
34392
34395
34398
34890
34896
34899
34902
34905
34908
34911
34914
34917
34920
34923
52158
52521
52524
52527
52545
52548
52551
52554
52557
52560
52563
53889
53892
53895
53898
53901
53907
53910
53913
60876
78486
78489
78609
97209
97518
97521
97524
97527
97530
97533
97536
97692
97695
104850
104853
104862
104865
104982
105123
105126
105129
105132
105135
105138
105141
105144
105147
105150
105153
105156
105159
105162
113256
113259
113490
113493
113499
113502
122343
122355
122706
122709
122712
122715
122718
122721
122724
122820
122823
122826
122829
132429
132432
132435
132438
132441
140571
140574
140577
140580
141354
141357
149430
149433
149436
149439
149442
149445
149448
159030
159033
159036
159039
159042
159165
159168
159171
159174
159177
175362
175851
175854
175857
175860
193941
219231
219234
219237
219240
219243
228222
228228
228231
244707
244710
244713
245550
245553
245739
245742
245745
245748
253494
253497
253500
253503
253506
253509
253719
253722
253725
253728
253731
253734
253737
254391
254394
254397
255069
255081
262455
262458
262461
262806
262809
262812
262815
262818
262875
262878
262881
262884
262887
262890
262893
262896
262899
262902
271200
298755
298758
298761
306555
306558
306561
306564
306567
306570
306573
306576
306579
306582
306585
315639
315642
315645
315648
323907
323910
323913
323916
324138
324141
324144
324210
324219
324222
324225
324228
332778
332781
332784
332787
332790
