15009
15105
15729
15732
15735
15738
15744
33873
34218
41022
41025
41028
41373
41376
41694
41697
41700
41895
42822
42825
42828
42897
42900
42903
42906
42909
50211
50223
50226
50229
50256
50259
50262
50280
50283
51012
51015
51018
51054
51057
51060
58551
60201
60516
60519
60522
60525
60528
60531
60555
60558
60561
67440
67443
67446
67449
67452
67455
67458
67461
67464
67467
67746
67749
67758
67761
67764
67767
67890
67893
67896
67899
67902
67905
67908
67911
67914
67917
67920
67923
67926
67929
67971
67974
67977
67980
67983
67986
67989
67992
67995
67998
68001
68004
68007
68010
68013
68016
68838
77802
77805
77808
77811
77814
77817
77820
85482
85485
103047
103050
103053
103056
103059
103062
104355
104358
104361
104364
104367
104370
104373
104376
104379
104382
104385
111405
111408
111411
111414
112314
112317
112320
112323
112326
112329
112332
113196
113199
120318
121545
121548
121551
121554
121794
128616
128619
128622
128625
128628
128631
128634
128637
128880
128883
128886
128889
128892
128895
128898
128901
128904
128907
128910
128913
129759
130131
130326
130329
130332
130335
130338
130341
130344
130347
130350
130353
130356
130359
130362
130365
130368
130371
138231
138234
138237
138240
138243
138246
138873
138876
138879
138882
138885
138888
138891
138894
138897
138900
138903
138906
138909
138912
146382
146874
146916
146919
147582
147702
147705
155499
155502
155505
155508
155511
155514
155517
155523
155526
156486
156489
156492
156495
156498
156501
164646
164649
164652
164655
164658
164661
173238
173241
173244
173247
173250
173253
173262
173265
174075
174078
174081
174084
174087
174090
190413
190416
190419
190464
190467
190470
190473
190476
198846
198849
199662
199665
199668
199719
199722
199725
199728
199731
199734
199737
199971
200190
200193
207906
207909
207912
207915
207918
207921
207924
207927
207930
207933
207936
208257
208260
209142
209145
209148
209151
209157
216222
216225
216246
216249
217785
218094
218097
218100
218103
218106
218109
226494
226497
226500
226503
227031
227034
235878
235881
235887
235890
235893
235896
242931
242934
242937
242940
242943
242946
243036
243039
243042
243045
243048
243051
243054
243057
243060
243063
243066
243069
243072
243075
243078
243621
243624
243627
243630
243633
243636
244689
244692
244695
244698
251418
251421
251424
251427
251430
251433
251436
251439
251442
251445
252411
252414
252417
252420
252423
252432
252435
252438
252531
260337
260340
260346
260358
260361
260364
260367
260370
260373
260382
260385
260388
260391
260394
260397
269730
269733
269736
269739
269742
269745
269748
270240
270243
270246
270249
270252
270255
270258
270261
270264
270267
270270
270273
278910
278913
278916
278919
278922
288117
288120
288123
288126
288129
288132
288135
288138
288141
288144
288147
288150
305328
305331
305334
305337
305340
305343
305346
305349
305352
305355
305736
305739
305742
305745
305748
305751
305754
305757
312672
312678
312681
313668
313671
313677
313680
313683
313686
313689
313692
314658
314661
314664
314667
314670
314673
322788
322872
322995
322998
323001
323289
323292
323295
323298
332358
332361
