9009
12438
12441
12444
12447
12450
12453
12456
12459
12462
12465
12468
15009
15105
15729
15732
15735
15738
15744
19650
19653
19656
19659
19662
19773
19776
19779
19782
19785
19788
19791
19794
19797
21366
21369
21387
21390
21393
21396
21471
21474
21477
21480
21483
21486
21489
21492
21537
21540
28854
28857
28860
31869
33873
34218
34356
34359
34362
34371
34374
34377
34380
34383
34386
34389
34392
34395
34398
34890
34896
34899
34902
34905
34908
34911
34914
34917
34920
34923
37968
37971
37974
37977
37986
37989
37992
38463
39495
39498
39501
39504
41022
41025
41028
41373
41376
41694
41697
41700
41895
42822
42825
42828
42897
42900
42903
42906
42909
46875
46878
46881
47259
47262
47334
47622
47625
47628
47631
47634
47637
47649
47652
47655
47658
48294
48297
50211
50223
50226
50229
50256
50259
50262
50280
50283
51012
51015
51018
51054
51057
51060
52158
52521
52524
52527
52545
52548
52551
52554
52557
52560
52563
53889
53892
53895
53898
53901
53907
53910
53913
54693
54696
54699
54702
56481
56484
56487
56490
56493
56496
57297
58041
58044
58050
58053
58551
60201
60516
60519
60522
60525
60528
60531
60555
60558
60561
60876
63222
65220
65223
65226
65229
65241
65244
65259
65262
65922
65925
65988
65997
66000
66003
66006
67440
67443
67446
67449
67452
67455
67458
67461
67464
67467
67746
67749
67758
67761
67764
67767
67890
67893
67896
67899
67902
67905
67908
67911
67914
67917
67920
67923
67926
67929
67971
67974
67977
67980
67983
67986
67989
67992
67995
67998
68001
68004
68007
68010
68013
68016
68838
77802
77805
77808
77811
77814
77817
77820
78486
78489
78609
85482
85485
89760
92853
97209
97518
97521
97524
97527
97530
97533
97536
97692
97695
98199
98202
100089
100092
100095
100098
100101
100104
100107
101046
101049
103047
103050
103053
103056
103059
103062
104355
104358
104361
104364
104367
104370
104373
104376
104379
104382
104385
104850
104853
104862
104865
104982
105123
105126
105129
105132
105135
105138
105141
105144
105147
105150
105153
105156
105159
105162
108033
108036
108039
108042
108045
111405
111408
111411
111414
112314
112317
112320
112323
112326
112329
112332
113196
113199
113256
113259
113490
113493
113499
113502
116619
116622
118011
118014
118017
118020
118542
118605
118608
118611
118614
118659
118662
120318
121545
121548
121551
121554
121794
122343
122355
122706
122709
122712
122715
122718
122721
122724
122820
122823
122826
122829
126537
126540
126543
126546
126549
126552
126555
126558
126561
126564
126567
126573
126576
126582
127194
127206
127209
127212
127215
128616
128619
128622
128625
128628
128631
128634
128637
128880
128883
128886
128889
128892
128895
128898
128901
128904
128907
128910
128913
129759
130131
130326
130329
130332
130335
130338
130341
130344
130347
130350
130353
130356
130359
130362
130365
130368
130371
132429
132432
132435
132438
132441
135678
135681
135684
136902
136905
136908
138231
138234
138237
138240
138243
138246
138873
138876
138879
138882
138885
138888
138891
138894
138897
138900
138903
138906
138909
138912
140571
140574
140577
140580
141354
141357
141834
141837
143553
143556
143568
144702
144705
144708
144711
144714
146382
146874
146916
146919
147582
147702
147705
149430
149433
149436
149439
149442
149445
149448
151890
151893
151896
152403
152406
152409
152556
152559
153825
153828
153831
153834
153837
155499
155502
155505
155508
155511
155514
155517
155523
155526
156486
156489
156492
156495
156498
156501
159030
159033
159036
159039
159042
159165
159168
159171
159174
159177
159219
159222
159225
159228
159231
159237
159240
159243
159246
160065
161121
161796
163236
163239
163242
163245
163254
163257
163260
163263
164646
164649
164652
164655
164658
164661
170184
170889
170892
170895
173238
173241
173244
173247
173250
173253
173262
173265
174075
174078
174081
174084
174087
174090
175362
175851
175854
175857
175860
177561
179688
179694
179697
187401
187404
187407
187539
187569
187614
187620
187623
188067
188070
188073
188100
188106
188109
188112
188115
188118
188199
188202
188205
188208
188211
188214
188217
188220
190413
190416
190419
190464
190467
190470
190473
190476
193941
195177
196242
198846
198849
199662
199665
199668
199719
199722
199725
199728
199731
199734
199737
199971
200190
200193
203961
204546
204777
204804
207906
207909
207912
207915
207918
207921
207924
207927
207930
207933
207936
208257
208260
209142
209145
209148
209151
209157
213465
213513
214257
216222
216225
216246
216249
217785
218094
218097
218100
218103
218106
218109
219231
219234
219237
219240
219243
220689
222696
222762
222765
222768
222774
226494
226497
226500
226503
227031
227034
228222
228228
228231
232902
232905
233727
235878
235881
235887
235890
235893
235896
240723
240726
240729
240732
240735
240738
240741
241689
242931
242934
242937
242940
242943
242946
243036
243039
243042
243045
243048
243051
243054
243057
243060
243063
243066
243069
243072
243075
243078
243621
243624
243627
243630
243633
243636
244689
244692
244695
244698
244707
244710
244713
245550
245553
245739
245742
245745
245748
247377
249246
249249
249252
249504
249510
249513
251418
251421
251424
251427
251430
251433
251436
251439
251442
251445
252411
252414
252417
252420
252423
252432
252435
252438
252531
253494
253497
253500
253503
253506
253509
253719
253722
253725
253728
253731
253734
253737
254391
254394
254397
255069
255081
257952
257961
257964
257967
258000
258003
258006
258009
258012
258015
260337
260340
260346
260358
260361
260364
260367
260370
260373
260382
260385
260388
260391
260394
260397
262455
262458
262461
262806
262809
262812
262815
262818
262875
262878
262881
262884
262887
262890
262893
262896
262899
262902
265806
267081
267084
268542
268545
268554
268563
269730
269733
269736
269739
269742
269745
269748
270240
270243
270246
270249
270252
270255
270258
270261
270264
270267
270270
270273
271200
274641
274644
274647
274653
274656
274659
274662
274665
274668
274671
274674
274677
274683
275502
275505
276030
276033
276678
276681
278910
278913
278916
278919
278922
282762
282918
282921
282924
283275
283278
283281
283284
283293
283305
283308
283320
284070
284073
288117
288120
288123
288126
288129
288132
288135
288138
288141
288144
288147
288150
290886
290889
290892
290895
291822
292209
298755
298758
298761
300648
300651
300654
300657
301662
301665
301668
301671
301674
301677
301680
301683
301686
301692
301698
301701
305328
305331
305334
305337
305340
305343
305346
305349
305352
305355
305736
305739
305742
305745
305748
305751
305754
305757
306555
306558
306561
306564
306567
306570
306573
306576
306579
306582
306585
309297
309300
309897
310038
310467
310470
310473
311121
311124
311343
312612
312615
312618
312621
312624
312627
312630
312672
312678
312681
313668
313671
313677
313680
313683
313686
313689
313692
314658
314661
314664
314667
314670
314673
315639
315642
315645
315648
317058
317061
317064
317067
319035
319038
319041
319044
319542
319545
319548
319569
319572
321114
321117
321120
321123
321126
322788
322872
322995
322998
323001
323289
323292
323295
323298
323907
323910
323913
323916
324138
324141
324144
324210
324219
324222
324225
324228
325995
325998
326001
326004
326502
326505
326517
326520
329739
329742
329757
332358
332361
332778
332781
332784
332787
332790
334551
334686
334689
335955
335958
335967
335985
335988
335991
335997
336003
336006
336009
336414
337161
337164
337167
337170
337173
337269
337272
337275
337278
337281
337284
337287
