19650
19653
19656
19659
19662
19773
19776
19779
19782
19785
19788
19791
19794
19797
28854
28857
28860
37968
37971
37974
37977
37986
37989
37992
38463
46875
46878
46881
47259
47262
47334
54693
54696
54699
54702
63222
89760
98199
98202
108033
108036
108039
108042
108045
116619
116622
141834
141837
143553
143556
143568
151890
151893
151896
152403
152406
152409
152556
152559
159219
159222
159225
159228
159231
159237
159240
159243
159246
160065
161121
177561
187401
187404
187407
187539
187569
187614
187620
187623
195177
196242
203961
204546
204777
204804
213465
213513
220689
222696
222762
222765
222768
222774
247377
265806
274641
274644
274647
274653
274656
274659
274662
274665
274668
274671
274674
274677
274683
282762
282918
282921
282924
283275
283278
283281
283284
283293
283305
283308
283320
284070
284073
290886
290889
290892
290895
291822
292209
300648
300651
300654
300657
301662
301665
301668
301671
301674
301677
309297
309300
309897
310038
317058
317061
317064
317067
319035
319038
319041
319044
325995
325998
326001
326004
326502
326505
326517
326520
334551
334686
334689
335955
335958
335967
335985
335988
335991
335997
336003
336006
336009
336414
