83
1226
1227
1228
1229
1230
1231
1232
1233
1234
1235
1236
2083
2115
2323
2324
2325
2326
2328
3630
3631
3632
3633
3634
3671
3672
3673
3674
3675
3676
3677
3678
3679
4202
4203
4209
4210
4211
4212
4237
4238
4239
4240
4241
4242
4243
4244
4259
4260
6698
6699
6700
7703
8371
8486
8532
8533
8534
8537
8538
8539
8540
8541
8542
8543
8544
8545
8546
8710
8712
8713
8714
8715
8716
8717
8718
8719
8720
8721
9736
9737
9738
9739
9742
9743
9744
9901
10245
10246
10247
10248
10754
10755
10756
10871
10872
10978
10979
10980
11045
11354
11355
11356
11379
11380
11381
11382
11383
12705
12706
12707
12833
12834
12858
12954
12955
12956
12957
12958
12959
12963
12964
12965
12966
13178
13179
13817
13821
13822
13823
13832
13833
13834
13840
13841
14084
14085
14086
14098
14099
14100
14466
14587
14588
14589
14595
14596
14597
14598
14599
14600
14601
15043
15044
15045
15046
15047
15049
15050
15051
15311
15312
15313
15314
15907
15908
15909
15910
15911
15912
16179
16427
16428
16430
16431
16597
17147
17252
17253
17254
17255
17256
17257
17265
17266
17267
17372
18154
18820
18821
18822
18823
18827
18828
18833
18834
19054
19055
19076
19079
19080
19081
19082
19560
19561
19562
19563
19564
19565
19566
19567
19568
19569
19662
19663
19666
19667
19668
19669
19710
19711
19712
19713
19714
19715
19716
19717
19718
19719
19720
19721
19722
19723
19737
19738
19739
19740
19741
19742
19743
19744
19745
19746
19747
19748
19749
19750
19751
19752
20026
23014
23015
23016
23017
23018
23019
23020
23242
23243
23283
25574
25575
27000
28031
29483
29586
29587
29588
29589
29590
29591
29592
29644
29645
29813
29814
30443
30444
30445
30446
30447
30448
30449
30762
30763
31429
31430
31431
31432
31433
31434
31865
31866
31867
31868
31869
31870
31871
31872
31873
31874
31875
32030
32031
32034
32035
32074
32121
32122
32123
32124
32125
32126
32127
32128
32129
32130
32131
32132
32133
32134
33091
33092
33093
33094
33095
34215
34216
34217
34218
34518
34519
34520
34521
34522
34523
34524
34812
34813
34832
34833
34910
34911
34913
34914
35953
35954
36417
36418
36419
36420
36594
36615
36616
36617
36618
36633
36634
37186
37595
37596
37597
37598
37678
37861
37865
37982
37983
37984
37985
37986
37987
37988
38020
38021
38022
38023
39259
39260
39261
39262
39263
39264
39265
39266
39267
39268
39269
39271
39272
39274
39478
39482
39483
39484
39485
39952
39953
39954
39955
39956
39957
39958
39959
40040
40041
40042
40043
40044
40045
40046
40047
40048
40049
40050
40051
40333
40457
40522
40523
40524
40525
40526
40527
40528
40529
40530
40531
40532
40533
40534
40535
40536
40537
41223
41224
41225
41226
41227
42306
42307
42308
42714
42715
42716
43157
43158
43159
43160
43161
43162
43371
43372
43373
43374
43375
43376
43377
43378
43379
43380
43381
43382
43383
43384
43937
43938
43939
43940
44198
44199
44358
44359
44931
44932
44936
45314
45315
45316
45317
45318
45874
46038
46052
46053
46274
46314
46315
46890
46891
46892
46893
46894
46895
46896
47710
47711
47712
47881
47882
47883
47932
47933
48355
48356
48357
48358
48359
48913
48914
48915
48916
48917
48918
48919
48921
48922
49242
49243
49244
49245
49246
49247
50090
50091
50092
50093
50094
50135
50136
50137
50138
50139
50153
50154
50155
50156
50157
50159
50160
50161
50162
50435
50787
51012
51492
51493
51494
51495
51498
51499
51500
51501
51962
51963
51964
51965
51966
51967
53808
54043
54044
54045
54826
54827
54828
54829
54830
54831
54834
54835
55105
55106
55107
55108
55109
55110
55534
55697
55698
55699
55700
56267
56976
56978
56979
59547
59548
59549
59593
59603
59618
59620
59621
59769
59770
59771
59780
59782
59783
59784
59785
59786
59813
59814
59815
59816
59817
59818
59819
59820
60551
60552
60553
60568
60569
60570
60571
60572
61727
62139
62494
63362
63363
63634
63635
63636
63653
63654
63655
63656
63657
63658
63659
63737
63810
63811
65067
65262
65339
65348
66382
66383
66384
66385
66386
66387
66388
66389
66390
66391
66392
66499
66500
66794
66795
66796
66797
66799
68235
68251
68499
69154
69155
69162
69163
69675
69778
69779
69780
69781
69782
69783
70157
70158
70159
70160
70161
70643
71312
71334
71335
71336
71338
72578
72579
72580
72581
72757
72758
73154
73156
73157
74714
74715
74989
75706
75707
75709
75710
75711
75712
77321
77322
77323
77324
77325
77326
77327
77643
78057
78058
78059
78060
78061
78062
78092
78093
78094
78095
78096
78097
78098
78099
78100
78101
78102
78103
78104
78105
78106
78287
78288
78289
78290
78291
78292
78643
78644
78645
78646
78649
78650
78651
78930
78931
78993
78994
78995
78996
79539
80162
80163
80164
80248
80250
80251
80886
80887
80888
80889
80890
80891
80892
80893
80894
80895
81217
81218
81219
81220
81221
81224
81225
81226
81257
81578
81579
81580
81581
81582
81583
81653
81654
81655
81656
81657
81658
81659
81877
81878
81879
82103
82107
83064
83067
83068
83069
83080
83081
83082
83083
83084
83085
83859
83860
83862
83866
83867
83868
83869
83870
83871
83874
83875
83876
83877
83878
83879
84565
84566
84567
84682
84683
84684
84685
84686
84705
84706
84707
84708
84709
84710
84711
84712
84713
84714
85682
86107
86108
86594
86595
86598
86601
86990
86991
86992
86993
86994
86995
86996
87160
87161
87162
87163
87164
87165
87166
87167
87168
87169
87170
87171
87480
88627
88628
88629
88631
88632
88633
88634
88635
88636
88637
88638
88639
88641
88914
88915
89090
89091
89306
89307
90050
90051
90052
90053
90054
91334
91386
91387
91388
91505
91506
91507
91508
91511
91515
91516
91520
91770
91771
93119
93120
93121
93122
93123
93124
93125
93126
93127
93128
93129
93130
94042
94043
94044
94045
94354
94483
96665
96666
96667
97296
97297
97298
97299
97634
97635
97636
97637
97638
97639
97640
97641
97642
97644
97646
97647
98856
98857
98858
98859
98860
98861
98862
98863
98864
98865
98992
98993
98994
98995
98996
98997
98998
98999
99265
99266
99267
99268
99269
99270
99271
99272
99273
99274
99275
100179
100180
100379
100426
100569
100570
100571
100787
100788
100861
101284
101285
101286
101287
101288
101289
101290
101304
101306
101307
101636
101637
101639
101640
101641
101642
101643
101644
101966
101967
101968
101969
101970
101971
102293
102294
102295
102296
102766
102767
102768
102769
103425
103426
103427
103428
103594
103595
103596
103603
103604
104118
104119
104120
104121
104122
104676
104704
104745
104746
104747
104843
104844
104845
104846
105049
105050
105051
105052
105126
105127
105128
105150
105153
105154
105155
105156
105745
105746
105747
105748
105914
105915
105919
105920
106993
106994
106999
107866
107867
108006
108007
108008
108009
108010
108597
108642
108643
109065
109066
109069
109075
109076
109077
109079
109081
109082
109083
109218
109467
109468
109469
109470
109471
109503
109504
109505
109506
109507
109508
109509
