1226
1227
1228
1229
1230
1231
1232
1233
1234
1235
1236
4202
4203
4209
4210
4211
4212
4237
4238
4239
4240
4241
4242
4243
4244
4259
4260
7703
10245
10246
10247
10248
12954
12955
12956
12957
12958
12959
12963
12964
12965
12966
13178
13179
15907
15908
15909
15910
15911
15912
16179
16427
16428
16430
16431
18820
18821
18822
18823
18827
18828
18833
18834
19054
19055
19076
19079
19080
19081
19082
28031
30443
30444
30445
30446
30447
30448
30449
30762
30763
36417
36418
36419
36420
36594
36615
36616
36617
36618
36633
36634
39259
39260
39261
39262
39263
39264
39265
39266
39267
39268
39269
39271
39272
39274
39478
39482
39483
39484
39485
42306
42307
42308
42714
42715
42716
45314
45315
45316
45317
45318
48355
48356
48357
48358
48359
51012
51492
51493
51494
51495
51498
51499
51500
51501
53808
54043
54044
54045
56976
56978
56979
59769
59770
59771
59780
59782
59783
59784
59785
59786
59813
59814
59815
59816
59817
59818
59819
59820
68499
74714
74715
74989
77321
77322
77323
77324
77325
77326
77327
77643
80162
80163
80164
80248
80250
80251
83064
83067
83068
83069
83080
83081
83082
83083
83084
83085
86107
86108
86594
86595
86598
86601
88914
88915
89090
89091
89306
89307
97640
97641
97642
97644
97646
97647
100569
100570
100571
100787
100788
100861
101284
101285
101286
101287
101288
101289
101290
103594
103595
103596
103603
103604
104118
104119
104120
104121
104122
106993
106994
106999
109467
109468
109469
109470
109471
109503
109504
109505
109506
109507
109508
109509
